   3.0000000e+00  -1.4160000e+01
   5.0000000e+00  -1.3260000e+01
   7.0000000e+00  -8.5400000e+00
   8.0000000e+00  -1.0980000e+01
   1.1000000e+01  -8.0000000e+00
   1.2000000e+01  -1.1560000e+01
   1.3000000e+01  -1.0420000e+01
   1.4000000e+01   3.4000000e-01
   1.5000000e+01  -8.1400000e+00
   1.6000000e+01  -1.3100000e+01
   1.8000000e+01  -1.0460000e+01
   1.9000000e+01  -8.2800000e+00
   2.0000000e+01  -1.3800000e+00
   2.1000000e+01   3.3800000e+00
   2.3000000e+01  -9.9800000e+00
   2.4000000e+01   1.5460000e+01
   2.6000000e+01  -4.6400000e+00
   2.7000000e+01   1.0900000e+01
   2.8000000e+01   7.8200000e+00
   2.9000000e+01  -3.2000000e+00
   3.0000000e+01   6.8200000e+00
   3.1000000e+01   1.5920000e+01
   3.2000000e+01   4.1400000e+00
   3.3000000e+01  -1.4200000e+01
   3.4000000e+01  -1.2060000e+01
   3.5000000e+01  -7.5200000e+00
   3.6000000e+01  -1.4640000e+01
   3.8000000e+01  -1.0980000e+01
   3.9000000e+01  -7.6200000e+00
   4.1000000e+01   1.7600000e+01
   4.2000000e+01  -1.1760000e+01
   4.3000000e+01   1.9740000e+01
   4.4000000e+01   2.3120000e+01
   4.5000000e+01   7.3000000e+00
   4.7000000e+01   2.8280000e+01
   4.8000000e+01   9.8600000e+00
   4.9000000e+01   2.4160000e+01
   5.0000000e+01  -2.3600000e+00
   5.2000000e+01   9.6000000e+00
   5.3000000e+01   1.5020000e+01
   5.4000000e+01  -5.8000000e+00
   5.5000000e+01  -7.2000000e+00
   5.6000000e+01   3.4800000e+00
   5.7000000e+01   6.2000000e+00
   5.8000000e+01  -1.4240000e+01
   5.9000000e+01  -1.1640000e+01
   6.0000000e+01   1.5020000e+01
   6.2000000e+01   1.4500000e+01
   6.3000000e+01  -9.7800000e+00
   6.4000000e+01  -4.5000000e+00
   6.5000000e+01   9.0000000e+00
   6.6000000e+01  -6.1200000e+00
   6.7000000e+01  -1.0120000e+01
   6.9000000e+01  -1.1420000e+01
   7.2000000e+01  -1.0860000e+01
   7.4000000e+01   1.1120000e+01
   7.5000000e+01  -1.4600000e+01
   7.7000000e+01  -7.7600000e+00
   7.9000000e+01  -8.3600000e+00
   8.3000000e+01  -9.7600000e+00
   8.5000000e+01  -1.0800000e+01
   8.6000000e+01  -4.1000000e+00
   8.8000000e+01  -9.6400000e+00
   9.0000000e+01  -5.9000000e+00
   9.1000000e+01  -3.0200000e+00
   9.2000000e+01   7.1200000e+00
   9.3000000e+01  -1.3800000e+01
   9.4000000e+01  -2.8600000e+00
   9.5000000e+01  -1.5820000e+01
   9.6000000e+01  -1.4160000e+01
   9.7000000e+01   1.1200000e+00
   9.8000000e+01   3.4000000e-01
   9.9000000e+01  -4.0200000e+00
   1.0200000e+02  -9.5800000e+00
   1.0300000e+02   4.8000000e+00
   1.0400000e+02  -9.5400000e+00
   1.0500000e+02  -8.0000000e-01
   1.0700000e+02  -1.1140000e+01
   1.0800000e+02   1.1540000e+01
   1.0900000e+02  -8.8000000e+00
   1.1000000e+02  -1.5440000e+01
   1.1100000e+02  -1.8100000e+01
   1.1200000e+02  -4.0600000e+00
   1.1300000e+02   4.2800000e+00
   1.1400000e+02  -1.3360000e+01
   1.1600000e+02  -7.4000000e-01
   1.1700000e+02   1.7560000e+01
   1.1800000e+02   2.2940000e+01
   1.1900000e+02  -6.6000000e-01
   1.2100000e+02  -1.4780000e+01
   1.2300000e+02  -1.0480000e+01
   1.2400000e+02  -9.0200000e+00
   1.2500000e+02  -4.9400000e+00
   1.2600000e+02  -8.4600000e+00
   1.2700000e+02   7.4000000e+00
   1.2800000e+02   2.1880000e+01
   1.2900000e+02   2.8320000e+01
   1.3000000e+02   2.7020000e+01
   1.3100000e+02   1.7940000e+01
   1.3200000e+02  -1.3320000e+01
   1.3300000e+02  -4.2800000e+00
   1.3400000e+02  -1.9000000e+00
   1.3600000e+02  -1.1220000e+01
   1.3700000e+02  -9.9800000e+00
   1.3900000e+02  -3.6200000e+00
   1.4000000e+02  -8.9000000e+00
   1.4100000e+02   1.0960000e+01
   1.4200000e+02  -1.0600000e+01
   1.4300000e+02  -1.4200000e+01
   1.4400000e+02  -1.6500000e+01
   1.4600000e+02  -1.2260000e+01
   1.4700000e+02  -1.7360000e+01
   1.4800000e+02  -1.3880000e+01
   1.4900000e+02  -7.0400000e+00
   1.5000000e+02  -1.3520000e+01
   1.5100000e+02  -1.8040000e+01
   1.5200000e+02  -8.6600000e+00
   1.5300000e+02  -1.0240000e+01
   1.5400000e+02  -1.3400000e+01
   1.5500000e+02  -1.5460000e+01
   1.5600000e+02  -9.5000000e+00
   1.5800000e+02  -1.3240000e+01
   1.5900000e+02   2.9400000e+00
   1.6000000e+02   2.1260000e+01
   1.6100000e+02  -8.3400000e+00
   1.6200000e+02   2.3620000e+01
   1.6300000e+02   3.2600000e+00
   1.6400000e+02  -9.0000000e+00
   1.6500000e+02  -4.4800000e+00
   1.6600000e+02  -1.3300000e+01
   1.6700000e+02  -1.4100000e+01
   1.6800000e+02   5.2600000e+00
   1.7000000e+02   2.0640000e+01
   1.7100000e+02   2.4120000e+01
   1.7200000e+02  -1.6360000e+01
   1.7300000e+02  -4.0000000e-01
   1.7500000e+02   1.1200000e+01
   1.7600000e+02  -6.0000000e-01
   1.7800000e+02   1.0380000e+01
   1.7900000e+02   8.4800000e+00
   1.8200000e+02   1.1780000e+01
   1.8300000e+02  -6.2000000e-01
   1.8400000e+02  -2.8200000e+00
   1.8500000e+02   2.8580000e+01
   1.8600000e+02  -8.2400000e+00
   1.8700000e+02   9.4000000e-01
   1.8800000e+02  -9.6400000e+00
   1.9000000e+02   2.4380000e+01
   1.9100000e+02  -4.5800000e+00
   1.9200000e+02   1.3460000e+01
   1.9500000e+02   6.3800000e+00
   1.9600000e+02  -4.8200000e+00
   1.9700000e+02  -9.1600000e+00
   1.9800000e+02  -4.5000000e+00
   1.9900000e+02   1.0140000e+01
   2.0000000e+02  -1.1960000e+01
   2.0100000e+02  -1.7460000e+01
   2.0600000e+02  -1.1380000e+01
   2.0700000e+02  -1.1200000e+00
   2.0900000e+02   1.5140000e+01
   2.1000000e+02   9.7800000e+00
   2.1100000e+02   2.2000000e-01
   2.1200000e+02  -3.9800000e+00
   2.1300000e+02  -7.4600000e+00
   2.1400000e+02  -3.8000000e-01
   2.1500000e+02   1.4940000e+01
   2.1600000e+02  -1.0800000e+01
   2.1700000e+02  -1.5800000e+01
   2.1800000e+02   1.6640000e+01
   2.2000000e+02   1.3340000e+01
   2.2200000e+02   2.4980000e+01
   2.2300000e+02   2.6240000e+01
   2.2700000e+02   1.4200000e+01
   2.2800000e+02   1.5640000e+01
   2.2900000e+02   1.3600000e+01
   2.3100000e+02   6.3600000e+00
   2.3200000e+02  -3.5600000e+00
   2.3400000e+02  -1.0040000e+01
   2.3600000e+02  -1.1400000e+00
   2.3700000e+02  -1.4800000e+01
   2.4000000e+02  -9.0600000e+00
   2.4100000e+02  -7.8200000e+00
   2.4200000e+02  -9.9000000e+00
   2.4300000e+02  -8.1000000e+00
   2.4600000e+02  -8.6000000e+00
   2.4900000e+02  -1.0060000e+01
   2.5000000e+02  -8.5600000e+00
   2.5100000e+02  -1.0240000e+01
   2.5200000e+02  -5.4200000e+00
   2.5300000e+02  -1.0260000e+01
   2.5400000e+02  -1.0660000e+01
   2.5500000e+02  -5.7200000e+00
   2.5600000e+02  -5.8400000e+00
   2.5700000e+02  -8.7600000e+00
   2.5900000e+02   1.0800000e+01
   2.6100000e+02  -5.6200000e+00
   2.6300000e+02  -1.0140000e+01
   2.6500000e+02  -1.0080000e+01
   2.6600000e+02   1.1700000e+01
   2.6700000e+02  -1.1560000e+01
   2.6800000e+02  -7.9200000e+00
   2.6900000e+02  -5.3600000e+00
   2.7000000e+02  -8.2800000e+00
   2.7100000e+02  -1.4660000e+01
   2.7400000e+02  -6.0200000e+00
   2.7600000e+02  -8.8200000e+00
   2.7700000e+02  -1.4980000e+01
   2.7900000e+02   2.5060000e+01
   2.8100000e+02   2.0400000e+00
   2.8200000e+02  -1.4160000e+01
   2.8400000e+02  -1.7580000e+01
   2.8500000e+02  -1.7240000e+01
   2.8600000e+02  -5.0800000e+00
   2.8700000e+02  -1.5600000e+00
   2.8900000e+02  -1.0960000e+01
   2.9000000e+02  -1.7400000e+01
   2.9300000e+02  -1.3220000e+01
   2.9400000e+02   1.0620000e+01
   2.9500000e+02  -3.8000000e+00
   2.9600000e+02   1.4360000e+01
   2.9700000e+02   1.0640000e+01
   2.9800000e+02  -1.1200000e+00
   3.0000000e+02   1.6280000e+01
   3.0100000e+02   7.7600000e+00
   3.0200000e+02  -3.3400000e+00
   3.0300000e+02   3.9200000e+00
   3.0400000e+02   1.5960000e+01
   3.0500000e+02  -1.1120000e+01
   3.0600000e+02  -7.3400000e+00
   3.0900000e+02  -1.7860000e+01
   3.1000000e+02  -1.6640000e+01
   3.2000000e+02  -3.4600000e+00
   3.2100000e+02  -6.3600000e+00
   3.2200000e+02   9.2800000e+00
   3.2300000e+02  -1.0560000e+01
   3.2400000e+02  -1.6720000e+01
   3.2500000e+02  -1.6620000e+01
   3.2600000e+02  -1.7100000e+01
   3.2700000e+02  -1.2040000e+01
   3.2800000e+02   5.8600000e+00
   3.3000000e+02  -1.7960000e+01
   3.3200000e+02  -1.1920000e+01
   3.3300000e+02   1.2480000e+01
   3.3400000e+02   6.4600000e+00
   3.3500000e+02  -7.3200000e+00
   3.3800000e+02  -8.9400000e+00
   3.3900000e+02  -1.6000000e-01
   3.4500000e+02  -1.0380000e+01
   3.5300000e+02  -9.0400000e+00
   3.5500000e+02  -7.9200000e+00
   3.5600000e+02  -7.5400000e+00
   3.5700000e+02  -2.1000000e+00
