   3.0000000e+00   6.2980000e+00   3.7997000e+01   4.7680000e+01
   5.0000000e+00   3.5820000e+00   3.9724000e+01   5.2319000e+01
   7.0000000e+00   7.9930000e+00   3.9960000e+01   5.1727000e+01
   8.0000000e+00   7.6160000e+00   4.0883000e+01   5.4391000e+01
   1.1000000e+01   1.2218000e+01   4.1167000e+01   5.5842000e+01
   1.2000000e+01   1.2168000e+01   4.0953000e+01   5.8493000e+01
   1.3000000e+01   1.3837000e+01   3.8899000e+01   5.8719000e+01
   1.4000000e+01   1.6275000e+01   3.9807000e+01   5.7924000e+01
   1.5000000e+01   1.6813000e+01   4.1528000e+01   5.9860000e+01
   1.6000000e+01   1.7086000e+01   3.9879000e+01   6.1947000e+01
   1.8000000e+01   2.1120000e+01   4.0518000e+01   6.1447000e+01
   1.9000000e+01   2.1197000e+01   4.0763000e+01   6.4104000e+01
   2.0000000e+01   2.2425000e+01   3.9048000e+01   6.5098000e+01
   2.1000000e+01   2.4618000e+01   3.8956000e+01   6.8546000e+01
   2.3000000e+01   2.6317000e+01   3.5620000e+01   6.6458000e+01
   2.4000000e+01   2.7571000e+01   3.1870000e+01   6.4037000e+01
   2.6000000e+01   2.7773000e+01   3.0090000e+01   5.7710000e+01
   2.7000000e+01   2.5764000e+01   3.1487000e+01   5.6785000e+01
   2.8000000e+01   2.5408000e+01   3.3874000e+01   5.8327000e+01
   2.9000000e+01   2.7818000e+01   3.4922000e+01   5.7817000e+01
   3.0000000e+01   2.7637000e+01   3.5674000e+01   5.5117000e+01
   3.1000000e+01   2.5891000e+01   3.7104000e+01   5.4735000e+01
   3.2000000e+01   2.6062000e+01   4.0168000e+01   5.2548000e+01
   3.3000000e+01   2.5163000e+01   4.4316000e+01   5.4494000e+01
   3.4000000e+01   2.5119000e+01   4.5458000e+01   5.1841000e+01
   3.5000000e+01   2.4888000e+01   4.3195000e+01   5.0258000e+01
   3.6000000e+01   2.2645000e+01   4.2137000e+01   5.1100000e+01
   3.8000000e+01   2.0936000e+01   4.3794000e+01   4.7703000e+01
   3.9000000e+01   1.9323000e+01   4.1713000e+01   4.7153000e+01
   4.1000000e+01   1.5043000e+01   4.1798000e+01   4.6270000e+01
   4.2000000e+01   1.4590000e+01   3.9620000e+01   4.5241000e+01
   4.3000000e+01   1.3166000e+01   3.7126000e+01   4.1659000e+01
   4.4000000e+01   1.2269000e+01   3.2985000e+01   4.2513000e+01
   4.5000000e+01   1.2662000e+01   3.1403000e+01   3.8183000e+01
   4.7000000e+01   9.8720000e+00   3.0857000e+01   4.0947000e+01
   4.8000000e+01   1.0857000e+01   3.0482000e+01   4.3034000e+01
   4.9000000e+01   1.1384000e+01   3.1988000e+01   4.7388000e+01
   5.0000000e+01   1.3808000e+01   3.5706000e+01   4.8092000e+01
   5.2000000e+01   1.2620000e+01   3.2159000e+01   5.0229000e+01
   5.3000000e+01   1.5234000e+01   3.1526000e+01   5.0689000e+01
   5.4000000e+01   1.6407000e+01   3.1977000e+01   5.2537000e+01
   5.5000000e+01   1.5435000e+01   3.0899000e+01   5.4336000e+01
   5.6000000e+01   1.6284000e+01   2.8539000e+01   5.6139000e+01
   5.7000000e+01   1.8612000e+01   2.9421000e+01   5.7260000e+01
   5.8000000e+01   1.7758000e+01   3.1404000e+01   5.8697000e+01
   5.9000000e+01   1.6203000e+01   3.0686000e+01   6.0537000e+01
   6.0000000e+01   1.7821000e+01   2.9175000e+01   6.1773000e+01
   6.2000000e+01   2.1902000e+01   2.8508000e+01   6.5162000e+01
   6.3000000e+01   2.2790000e+01   2.8012000e+01   6.2801000e+01
   6.4000000e+01   2.5655000e+01   2.5196000e+01   6.0463000e+01
   6.5000000e+01   2.5816000e+01   2.5948000e+01   5.7975000e+01
   6.6000000e+01   2.3724000e+01   2.6708000e+01   5.6490000e+01
   6.7000000e+01   2.2924000e+01   2.7769000e+01   5.4429000e+01
   6.9000000e+01   1.9487000e+01   2.4740000e+01   4.8791000e+01
   7.2000000e+01   1.5795000e+01   2.4476000e+01   4.0671000e+01
   7.4000000e+01   1.7168000e+01   2.8250000e+01   4.1796000e+01
   7.5000000e+01   1.9906000e+01   2.8406000e+01   4.1952000e+01
   7.7000000e+01   1.9243000e+01   3.2307000e+01   4.0256000e+01
   7.9000000e+01   2.1982000e+01   3.4509000e+01   4.2315000e+01
   8.3000000e+01   2.6619000e+01   3.3326000e+01   4.5190000e+01
   8.5000000e+01   2.8447000e+01   3.2639000e+01   4.8939000e+01
   8.6000000e+01   2.8896000e+01   3.0184000e+01   4.7952000e+01
   8.8000000e+01   3.2605000e+01   3.0550000e+01   4.9712000e+01
   9.0000000e+01   3.3220000e+01   2.6476000e+01   4.9673000e+01
   9.1000000e+01   3.5671000e+01   2.6663000e+01   5.0433000e+01
   9.2000000e+01   3.6702000e+01   2.7842000e+01   4.8414000e+01
   9.3000000e+01   3.6204000e+01   2.9361000e+01   4.5967000e+01
   9.4000000e+01   3.7237000e+01   2.9977000e+01   4.2590000e+01
   9.5000000e+01   3.5005000e+01   3.3987000e+01   4.1951000e+01
   9.6000000e+01   3.5701000e+01   3.3385000e+01   3.9220000e+01
   9.7000000e+01   3.5510000e+01   3.0947000e+01   3.9121000e+01
   9.8000000e+01   3.5931000e+01   2.6900000e+01   3.6815000e+01
   9.9000000e+01   3.2372000e+01   2.4641000e+01   3.7627000e+01
   1.0200000e+02   3.0200000e+01   1.6916000e+01   3.3096000e+01
   1.0300000e+02   3.2496000e+01   1.3405000e+01   3.5074000e+01
   1.0400000e+02   3.2230000e+01   9.9290000e+00   3.3460000e+01
   1.0500000e+02   3.4608000e+01   8.9020000e+00   3.2903000e+01
   1.0700000e+02   3.6509000e+01   3.2200000e+00   3.2969000e+01
   1.0800000e+02   3.8397000e+01   1.3060000e+00   3.2765000e+01
   1.0900000e+02   4.0551000e+01   2.1800000e+00   3.4106000e+01
   1.1000000e+02   4.0286000e+01   1.1240000e+00   3.6395000e+01
   1.1100000e+02   4.1086000e+01   2.9000000e-01   4.0855000e+01
   1.1200000e+02   4.0778000e+01  -4.0430000e+00   4.1750000e+01
   1.1300000e+02   3.9803000e+01  -2.8030000e+00   4.6103000e+01
   1.1400000e+02   4.3742000e+01  -4.0130000e+00   4.7944000e+01
   1.1600000e+02   4.3386000e+01  -8.8010000e+00   4.9701000e+01
   1.1700000e+02   4.2008000e+01  -7.7890000e+00   5.1809000e+01
   1.1800000e+02   4.3523000e+01  -7.1720000e+00   5.3911000e+01
   1.1900000e+02   4.2849000e+01  -4.9510000e+00   5.4913000e+01
   1.2100000e+02   3.7745000e+01  -1.5810000e+00   5.5924000e+01
   1.2300000e+02   3.2700000e+01  -1.2400000e+00   5.1630000e+01
   1.2400000e+02   3.2885000e+01   2.9410000e+00   5.0305000e+01
   1.2500000e+02   2.9657000e+01   3.5810000e+00   4.7460000e+01
   1.2600000e+02   2.9596000e+01   7.8940000e+00   4.7493000e+01
   1.2700000e+02   2.5614000e+01   8.7690000e+00   4.5694000e+01
   1.2800000e+02   2.5091000e+01   1.2897000e+01   4.4160000e+01
   1.2900000e+02   2.0657000e+01   1.3139000e+01   4.3806000e+01
   1.3000000e+02   2.0139000e+01   1.6381000e+01   4.0993000e+01
   1.3100000e+02   1.5597000e+01   1.6328000e+01   4.0602000e+01
   1.3200000e+02   1.6171000e+01   1.6638000e+01   3.6141000e+01
   1.3300000e+02   1.4055000e+01   2.0713000e+01   3.6179000e+01
   1.3400000e+02   1.2805000e+01   1.9655000e+01   3.8175000e+01
   1.3600000e+02   1.3375000e+01   2.3089000e+01   4.4235000e+01
   1.3700000e+02   1.4315000e+01   2.0145000e+01   4.7521000e+01
   1.3900000e+02   1.1021000e+01   2.3198000e+01   4.7679000e+01
   1.4000000e+02   9.4030000e+00   2.1807000e+01   4.7370000e+01
   1.4100000e+02   5.5450000e+00   2.0902000e+01   4.5016000e+01
   1.4200000e+02   2.0420000e+00   1.9609000e+01   4.7740000e+01
   1.4300000e+02   8.7700000e-01   1.8262000e+01   4.5587000e+01
   1.4400000e+02   3.2340000e+00   1.8197000e+01   4.4095000e+01
   1.4600000e+02   3.6460000e+00   1.4237000e+01   4.5250000e+01
   1.4700000e+02   3.4990000e+00   1.3738000e+01   4.2536000e+01
   1.4800000e+02   6.0640000e+00   1.3538000e+01   4.1881000e+01
   1.4900000e+02   7.0070000e+00   1.1310000e+01   4.3286000e+01
   1.5000000e+02   5.6760000e+00   9.4320000e+00   4.1780000e+01
   1.5100000e+02   7.0590000e+00   9.3250000e+00   3.9395000e+01
   1.5200000e+02   9.4400000e+00   8.7330000e+00   4.0140000e+01
   1.5300000e+02   9.1340000e+00   6.3680000e+00   4.1349000e+01
   1.5400000e+02   8.3220000e+00   4.7240000e+00   3.9274000e+01
   1.5500000e+02   1.0624000e+01   4.7100000e+00   3.7785000e+01
   1.5600000e+02   1.2563000e+01   3.5170000e+00   3.9412000e+01
   1.5800000e+02   1.2171000e+01  -4.6000000e-02   3.7458000e+01
   1.5900000e+02   1.4219000e+01  -1.2900000e+00   3.7739000e+01
   1.6000000e+02   1.7777000e+01  -3.4900000e+00   3.5679000e+01
   1.6100000e+02   1.7863000e+01  -7.9420000e+00   3.6480000e+01
   1.6200000e+02   2.2245000e+01  -7.2260000e+00   3.7600000e+01
   1.6300000e+02   2.0996000e+01  -5.0460000e+00   3.8648000e+01
   1.6400000e+02   1.9002000e+01  -5.8600000e+00   3.9737000e+01
   1.6500000e+02   1.4928000e+01  -4.5930000e+00   4.1575000e+01
   1.6600000e+02   1.4286000e+01  -3.8490000e+00   4.5853000e+01
   1.6700000e+02   1.0477000e+01  -1.7330000e+00   4.4940000e+01
   1.6800000e+02   1.1012000e+01   1.2640000e+00   4.8319000e+01
   1.7000000e+02   7.8730000e+00   6.0430000e+00   5.1212000e+01
   1.7100000e+02   5.3930000e+00   6.2770000e+00   5.1542000e+01
   1.7200000e+02   2.4700000e+00   5.3290000e+00   5.4694000e+01
   1.7300000e+02   4.1630000e+00   3.5400000e+00   5.4884000e+01
   1.7500000e+02   3.9720000e+00  -1.7770000e+00   6.0272000e+01
   1.7600000e+02   5.5690000e+00  -3.7810000e+00   6.0182000e+01
   1.7800000e+02   8.4230000e+00  -1.1840000e+00   5.8604000e+01
   1.7900000e+02   1.0048000e+01  -2.2160000e+00   6.0527000e+01
   1.8200000e+02   1.4337000e+01  -9.6100000e-01   5.9383000e+01
   1.8300000e+02   1.5985000e+01  -2.8890000e+00   6.0641000e+01
   1.8400000e+02   1.7729000e+01  -2.8340000e+00   5.8483000e+01
   1.8500000e+02   1.8838000e+01  -8.5700000e-01   5.8941000e+01
   1.8600000e+02   1.8132000e+01   3.3900000e-01   5.6818000e+01
   1.8700000e+02   1.6979000e+01   2.2950000e+00   5.7291000e+01
   1.8800000e+02   1.4311000e+01   5.8020000e+00   5.5868000e+01
   1.9000000e+02   1.1005000e+01   1.1434000e+01   5.9641000e+01
   1.9100000e+02   1.2962000e+01   1.5402000e+01   5.8169000e+01
   1.9200000e+02   1.6778000e+01   1.6682000e+01   6.0381000e+01
   1.9500000e+02   1.6563000e+01   2.0406000e+01   5.9437000e+01
   1.9600000e+02   1.4136000e+01   2.0442000e+01   5.9525000e+01
   1.9700000e+02   1.3658000e+01   2.3244000e+01   5.9860000e+01
   1.9800000e+02   1.4176000e+01   2.3825000e+01   5.7437000e+01
   1.9900000e+02   1.1805000e+01   2.4095000e+01   5.6405000e+01
   2.0000000e+02   1.2390000e+01   2.1814000e+01   5.5125000e+01
   2.0100000e+02   1.0566000e+01   2.0142000e+01   5.5276000e+01
   2.0600000e+02   4.2600000e+00   1.2704000e+01   5.2326000e+01
   2.0700000e+02   5.1770000e+00   1.0307000e+01   4.8536000e+01
   2.0900000e+02   1.1346000e+01   8.1930000e+00   4.9451000e+01
   2.1000000e+02   1.1401000e+01   3.7960000e+00   4.9600000e+01
   2.1100000e+02   1.5353000e+01   3.3050000e+00   4.7884000e+01
   2.1200000e+02   1.5367000e+01  -1.1160000e+00   4.7348000e+01
   2.1300000e+02   1.9451000e+01  -2.3510000e+00   4.6060000e+01
   2.1400000e+02   1.7989000e+01  -6.4980000e+00   4.4539000e+01
   2.1500000e+02   2.0552000e+01  -7.1450000e+00   4.5537000e+01
   2.1600000e+02   2.0694000e+01  -5.8750000e+00   4.7736000e+01
   2.1700000e+02   2.2894000e+01  -4.3870000e+00   4.7140000e+01
   2.1800000e+02   2.2501000e+01  -2.3870000e+00   4.7121000e+01
   2.2000000e+02   1.8137000e+01   2.8520000e+00   4.7345000e+01
   2.2200000e+02   1.4130000e+01   7.6900000e+00   4.8763000e+01
   2.2300000e+02   1.4288000e+01   1.1733000e+01   4.7067000e+01
   2.2700000e+02   1.6666000e+01   1.5807000e+01   4.5112000e+01
   2.2800000e+02   1.7669000e+01   1.3331000e+01   4.4472000e+01
   2.2900000e+02   1.8379000e+01   9.7930000e+00   4.6726000e+01
   2.3100000e+02   2.2606000e+01   4.8040000e+00   4.6385000e+01
   2.3200000e+02   2.6904000e+01   3.8350000e+00   4.6512000e+01
   2.3400000e+02   3.0227000e+01  -1.5680000e+00   4.9983000e+01
   2.3600000e+02   3.4533000e+01  -5.0050000e+00   5.3284000e+01
   2.3700000e+02   3.7587000e+01  -5.0550000e+00   4.9794000e+01
   2.4000000e+02   3.7389000e+01  -9.7600000e-01   4.3060000e+01
   2.4100000e+02   3.5205000e+01  -2.5980000e+00   4.2307000e+01
   2.4200000e+02   3.3232000e+01  -1.5490000e+00   4.3759000e+01
   2.4300000e+02   3.3090000e+01   1.0540000e+00   4.2703000e+01
   2.4600000e+02   2.8532000e+01   1.6540000e+00   4.1197000e+01
   2.4900000e+02   2.4789000e+01   2.0850000e+00   3.8185000e+01
   2.5000000e+02   2.4231000e+01   4.7360000e+00   3.8203000e+01
   2.5100000e+02   2.4372000e+01   5.5410000e+00   3.5573000e+01
   2.5200000e+02   2.2214000e+01   4.0730000e+00   3.4761000e+01
   2.5300000e+02   2.0072000e+01   5.1470000e+00   3.6029000e+01
   2.5400000e+02   2.0177000e+01   7.6780000e+00   3.4883000e+01
   2.5500000e+02   1.9323000e+01   7.1950000e+00   3.2355000e+01
   2.5600000e+02   1.6649000e+01   7.4380000e+00   3.2573000e+01
   2.5700000e+02   1.6045000e+01   9.2150000e+00   3.3637000e+01
   2.5900000e+02   1.9440000e+01   1.4616000e+01   3.3972000e+01
   2.6100000e+02   2.1104000e+01   2.0377000e+01   3.5136000e+01
   2.6300000e+02   2.5769000e+01   2.5047000e+01   3.3811000e+01
   2.6500000e+02   2.7548000e+01   2.5246000e+01   3.7807000e+01
   2.6600000e+02   2.8136000e+01   2.2892000e+01   3.7488000e+01
   2.6700000e+02   2.7224000e+01   1.8760000e+01   3.9503000e+01
   2.6800000e+02   2.2843000e+01   2.0019000e+01   3.9552000e+01
   2.6900000e+02   2.2680000e+01   2.1457000e+01   4.3881000e+01
   2.7000000e+02   1.9793000e+01   1.9416000e+01   4.6568000e+01
   2.7100000e+02   2.1601000e+01   2.0318000e+01   4.8618000e+01
   2.7400000e+02   2.6148000e+01   2.1058000e+01   4.8679000e+01
   2.7600000e+02   2.8370000e+01   2.0878000e+01   4.1947000e+01
   2.7700000e+02   3.1222000e+01   1.7410000e+01   4.2247000e+01
   2.7900000e+02   3.0304000e+01   1.4387000e+01   4.4365000e+01
   2.8100000e+02   3.3836000e+01   9.7990000e+00   4.7316000e+01
   2.8200000e+02   3.3549000e+01   5.7990000e+00   4.9545000e+01
   2.8400000e+02   3.5460000e+01   1.6560000e+00   5.4500000e+01
   2.8500000e+02   3.8358000e+01   2.6080000e+00   5.7728000e+01
   2.8600000e+02   4.1333000e+01  -6.7100000e-01   5.8028000e+01
   2.8700000e+02   4.3565000e+01   1.8890000e+00   6.0754000e+01
   2.8900000e+02   4.8660000e+01   5.0800000e-01   6.2084000e+01
   2.9000000e+02   4.9096000e+01   2.8430000e+00   6.0984000e+01
   2.9300000e+02   5.0682000e+01   6.9920000e+00   6.3881000e+01
   2.9400000e+02   4.9813000e+01   1.0069000e+01   6.4391000e+01
   2.9500000e+02   5.0906000e+01   1.1959000e+01   6.2600000e+01
   2.9600000e+02   5.2072000e+01   1.0993000e+01   6.0305000e+01
   2.9700000e+02   4.9884000e+01   9.9900000e+00   5.9173000e+01
   2.9800000e+02   4.8163000e+01   1.2027000e+01   5.8749000e+01
   3.0000000e+02   4.9749000e+01   1.1810000e+01   5.4783000e+01
   3.0100000e+02   4.7100000e+01   1.1834000e+01   5.4203000e+01
   3.0200000e+02   4.6863000e+01   1.4439000e+01   5.3393000e+01
   3.0300000e+02   4.8143000e+01   1.4410000e+01   5.1086000e+01
   3.0400000e+02   4.6286000e+01   1.3439000e+01   4.9416000e+01
   3.0500000e+02   4.4841000e+01   1.5170000e+01   4.8866000e+01
   3.0600000e+02   4.3077000e+01   1.4010000e+01   5.0710000e+01
   3.0900000e+02   3.8420000e+01   9.8800000e+00   5.8441000e+01
   3.1000000e+02   3.8805000e+01   1.0796000e+01   6.2617000e+01
   3.2000000e+02   4.2166000e+01   2.2660000e+00   6.9568000e+01
   3.2100000e+02   4.2669000e+01   4.5290000e+00   6.5298000e+01
   3.2200000e+02   4.0776000e+01   3.0100000e+00   6.4461000e+01
   3.2300000e+02   3.9500000e+01   3.3530000e+00   6.0118000e+01
   3.2400000e+02   3.7339000e+01   7.1680000e+00   5.9489000e+01
   3.2500000e+02   3.7679000e+01   6.2300000e+00   5.5321000e+01
   3.2600000e+02   3.8110000e+01   1.0338000e+01   5.3530000e+01
   3.2700000e+02   3.6006000e+01   1.0751000e+01   4.9601000e+01
   3.2800000e+02   3.8490000e+01   1.4634000e+01   4.9495000e+01
   3.3000000e+02   3.4137000e+01   1.9107000e+01   4.6652000e+01
   3.3200000e+02   3.4493000e+01   2.0954000e+01   4.0833000e+01
   3.3300000e+02   3.5640000e+01   1.9028000e+01   4.0585000e+01
   3.3400000e+02   3.7610000e+01   1.5820000e+01   3.8247000e+01
   3.3500000e+02   3.3741000e+01   1.3376000e+01   3.7696000e+01
   3.3800000e+02   3.7152000e+01   1.2042000e+01   4.0704000e+01
   3.3900000e+02   3.7028000e+01   9.4040000e+00   4.1358000e+01
   3.4500000e+02   4.4389000e+01   7.5440000e+00   4.6575000e+01
   3.5300000e+02   5.0807000e+01   2.0680000e+00   5.5132000e+01
   3.5500000e+02   5.4213000e+01   8.0000000e-02   5.5414000e+01
   3.5600000e+02   5.4612000e+01   6.0500000e-01   5.7813000e+01
   3.5700000e+02   5.6987000e+01   1.8230000e+00   6.1636000e+01
