   3.0000000e+00   6.0860000e+00   3.8976000e+01   4.7806000e+01
   5.0000000e+00   4.3580000e+00   3.9862000e+01   5.2951000e+01
   7.0000000e+00   8.7300000e+00   3.9850000e+01   5.2408000e+01
   8.0000000e+00   8.4590000e+00   4.1110000e+01   5.4899000e+01
   1.1000000e+01   1.3153000e+01   4.1116000e+01   5.6219000e+01
   1.2000000e+01   1.3014000e+01   4.1176000e+01   5.8998000e+01
   1.3000000e+01   1.4497000e+01   3.8886000e+01   5.9484000e+01
   1.4000000e+01   1.7072000e+01   3.9534000e+01   5.8481000e+01
   1.5000000e+01   1.7746000e+01   4.1540000e+01   6.0247000e+01
   1.6000000e+01   1.7810000e+01   4.0076000e+01   6.2623000e+01
   1.8000000e+01   2.1983000e+01   4.0333000e+01   6.1937000e+01
   1.9000000e+01   2.1997000e+01   4.1188000e+01   6.4550000e+01
   2.0000000e+01   2.2707000e+01   3.9075000e+01   6.6067000e+01
   2.1000000e+01   2.5268000e+01   3.8642000e+01   6.7839000e+01
   2.3000000e+01   2.6841000e+01   3.4770000e+01   6.6306000e+01
   2.4000000e+01   2.8127000e+01   3.2666000e+01   6.3760000e+01
   2.6000000e+01   2.7915000e+01   3.1089000e+01   5.7657000e+01
   2.7000000e+01   2.5940000e+01   3.2336000e+01   5.6267000e+01
   2.8000000e+01   2.5353000e+01   3.4718000e+01   5.7775000e+01
   2.9000000e+01   2.7892000e+01   3.5908000e+01   5.7613000e+01
   3.0000000e+01   2.8182000e+01   3.6473000e+01   5.4825000e+01
   3.1000000e+01   2.5824000e+01   3.7649000e+01   5.3887000e+01
   3.2000000e+01   2.5586000e+01   4.0593000e+01   5.3331000e+01
   3.3000000e+01   2.4445000e+01   4.3999000e+01   5.3858000e+01
   3.4000000e+01   2.4229000e+01   4.5394000e+01   5.1368000e+01
   3.5000000e+01   2.4220000e+01   4.3236000e+01   4.9502000e+01
   3.6000000e+01   2.1953000e+01   4.1883000e+01   5.0410000e+01
   3.8000000e+01   2.0125000e+01   4.3967000e+01   4.7127000e+01
   3.9000000e+01   1.9065000e+01   4.1556000e+01   4.6189000e+01
   4.1000000e+01   1.4195000e+01   4.1345000e+01   4.6578000e+01
   4.2000000e+01   1.3891000e+01   3.9678000e+01   4.4514000e+01
   4.3000000e+01   1.2882000e+01   3.6786000e+01   4.2566000e+01
   4.4000000e+01   1.2474000e+01   3.3376000e+01   4.1605000e+01
   4.5000000e+01   1.1727000e+01   3.1651000e+01   3.8473000e+01
   4.7000000e+01   9.0940000e+00   3.0458000e+01   4.1452000e+01
   4.8000000e+01   1.0427000e+01   3.0827000e+01   4.3880000e+01
   4.9000000e+01   1.1748000e+01   3.2621000e+01   4.6690000e+01
   5.0000000e+01   1.4141000e+01   3.4803000e+01   4.8399000e+01
   5.2000000e+01   1.2987000e+01   3.1559000e+01   5.0954000e+01
   5.3000000e+01   1.5510000e+01   3.0554000e+01   5.0696000e+01
   5.4000000e+01   1.7157000e+01   3.1382000e+01   5.2859000e+01
   5.5000000e+01   1.5813000e+01   3.0984000e+01   5.5269000e+01
   5.6000000e+01   1.6229000e+01   2.8751000e+01   5.7125000e+01
   5.7000000e+01   1.8747000e+01   2.9279000e+01   5.8251000e+01
   5.8000000e+01   1.8260000e+01   3.1682000e+01   5.9528000e+01
   5.9000000e+01   1.6349000e+01   3.1031000e+01   6.1475000e+01
   6.0000000e+01   1.7773000e+01   2.9064000e+01   6.2776000e+01
   6.2000000e+01   2.2799000e+01   2.8863000e+01   6.4861000e+01
   6.3000000e+01   2.3599000e+01   2.7411000e+01   6.2732000e+01
   6.4000000e+01   2.6040000e+01   2.6129000e+01   6.0488000e+01
   6.5000000e+01   2.6371000e+01   2.6768000e+01   5.7774000e+01
   6.6000000e+01   2.3758000e+01   2.7709000e+01   5.6623000e+01
   6.7000000e+01   2.2070000e+01   2.8304000e+01   5.4491000e+01
   6.9000000e+01   1.9084000e+01   2.5656000e+01   4.8651000e+01
   7.2000000e+01   1.6607000e+01   2.4913000e+01   4.1082000e+01
   7.4000000e+01   1.7641000e+01   2.9127000e+01   4.1631000e+01
   7.5000000e+01   2.0333000e+01   2.9241000e+01   4.2326000e+01
   7.7000000e+01   1.9686000e+01   3.3201000e+01   4.0411000e+01
   7.9000000e+01   2.2544000e+01   3.4374000e+01   4.3144000e+01
   8.3000000e+01   2.7271000e+01   3.2627000e+01   4.5517000e+01
   8.5000000e+01   2.9276000e+01   3.2237000e+01   4.9353000e+01
   8.6000000e+01   2.9500000e+01   2.9569000e+01   4.8479000e+01
   8.8000000e+01   3.3507000e+01   3.0119000e+01   4.9858000e+01
   9.0000000e+01   3.3670000e+01   2.5691000e+01   5.0122000e+01
   9.1000000e+01   3.6346000e+01   2.6056000e+01   4.9991000e+01
   9.2000000e+01   3.7678000e+01   2.7712000e+01   4.8190000e+01
   9.3000000e+01   3.6547000e+01   2.8638000e+01   4.5351000e+01
   9.4000000e+01   3.6387000e+01   3.0461000e+01   4.2841000e+01
   9.5000000e+01   3.4568000e+01   3.3274000e+01   4.1384000e+01
   9.6000000e+01   3.4946000e+01   3.3102000e+01   3.8612000e+01
   9.7000000e+01   3.5619000e+01   3.0475000e+01   3.8235000e+01
   9.8000000e+01   3.4970000e+01   2.7156000e+01   3.6989000e+01
   9.9000000e+01   3.3218000e+01   2.4160000e+01   3.7357000e+01
   1.0200000e+02   3.1039000e+01   1.6474000e+01   3.3445000e+01
   1.0300000e+02   3.2506000e+01   1.3304000e+01   3.4069000e+01
   1.0400000e+02   3.2909000e+01   9.9600000e+00   3.4207000e+01
   1.0500000e+02   3.5150000e+01   8.4600000e+00   3.3632000e+01
   1.0700000e+02   3.7252000e+01   3.1430000e+00   3.3648000e+01
   1.0800000e+02   3.8712000e+01   8.2400000e-01   3.3595000e+01
   1.0900000e+02   4.1216000e+01   1.5100000e+00   3.4464000e+01
   1.1000000e+02   4.0989000e+01   1.3390000e+00   3.7087000e+01
   1.1100000e+02   4.1136000e+01  -4.9000000e-01   4.0215000e+01
   1.1200000e+02   4.0568000e+01  -3.3080000e+00   4.2410000e+01
   1.1300000e+02   4.0777000e+01  -2.9960000e+00   4.5920000e+01
   1.1400000e+02   4.2908000e+01  -4.2720000e+00   4.8451000e+01
   1.1600000e+02   4.2644000e+01  -9.2990000e+00   5.0172000e+01
   1.1700000e+02   4.1809000e+01  -8.3830000e+00   5.2601000e+01
   1.1800000e+02   4.3138000e+01  -7.2680000e+00   5.4840000e+01
   1.1900000e+02   4.3179000e+01  -4.6860000e+00   5.5830000e+01
   1.2100000e+02   3.7641000e+01  -2.5670000e+00   5.5733000e+01
   1.2300000e+02   3.3415000e+01  -5.4100000e-01   5.1770000e+01
   1.2400000e+02   3.2109000e+01   2.3230000e+00   5.0113000e+01
   1.2500000e+02   3.0323000e+01   4.2980000e+00   4.7710000e+01
   1.2600000e+02   2.8785000e+01   7.3460000e+00   4.7244000e+01
   1.2700000e+02   2.6354000e+01   9.4570000e+00   4.5703000e+01
   1.2800000e+02   2.4386000e+01   1.2345000e+01   4.4627000e+01
   1.2900000e+02   2.1309000e+01   1.3516000e+01   4.3133000e+01
   1.3000000e+02   1.9330000e+01   1.5953000e+01   4.1420000e+01
   1.3100000e+02   1.6172000e+01   1.6224000e+01   3.9778000e+01
   1.3200000e+02   1.5584000e+01   1.7365000e+01   3.6523000e+01
   1.3300000e+02   1.3356000e+01   2.0022000e+01   3.5947000e+01
   1.3400000e+02   1.1862000e+01   2.0004000e+01   3.8265000e+01
   1.3600000e+02   1.3197000e+01   2.2096000e+01   4.4276000e+01
   1.3700000e+02   1.3389000e+01   2.0545000e+01   4.7580000e+01
   1.3900000e+02   1.0342000e+01   2.3848000e+01   4.8050000e+01
   1.4000000e+02   8.6430000e+00   2.2053000e+01   4.6752000e+01
   1.4100000e+02   5.3980000e+00   2.0840000e+01   4.6013000e+01
   1.4200000e+02   2.6320000e+00   1.8866000e+01   4.7395000e+01
   1.4300000e+02   1.3080000e+00   1.7375000e+01   4.5368000e+01
   1.4400000e+02   3.3980000e+00   1.7392000e+01   4.3508000e+01
   1.4600000e+02   4.1800000e+00   1.3430000e+01   4.4962000e+01
   1.4700000e+02   3.7200000e+00   1.2802000e+01   4.2227000e+01
   1.4800000e+02   6.3390000e+00   1.2799000e+01   4.1250000e+01
   1.4900000e+02   7.5440000e+00   1.0651000e+01   4.2741000e+01
   1.5000000e+02   6.1460000e+00   8.5570000e+00   4.1596000e+01
   1.5100000e+02   7.2480000e+00   8.4120000e+00   3.9006000e+01
   1.5200000e+02   9.9490000e+00   8.0260000e+00   3.9629000e+01
   1.5300000e+02   9.7980000e+00   5.6400000e+00   4.1129000e+01
   1.5400000e+02   8.7780000e+00   3.8260000e+00   3.9202000e+01
   1.5500000e+02   1.0931000e+01   3.8260000e+00   3.7404000e+01
   1.5600000e+02   1.3137000e+01   2.8130000e+00   3.8971000e+01
   1.5800000e+02   1.2055000e+01  -1.0460000e+00   3.7382000e+01
   1.5900000e+02   1.4584000e+01  -1.7110000e+00   3.6897000e+01
   1.6000000e+02   1.7141000e+01  -4.0970000e+00   3.6176000e+01
   1.6100000e+02   1.8692000e+01  -7.4000000e+00   3.6675000e+01
   1.6200000e+02   2.1711000e+01  -7.2900000e+00   3.8455000e+01
   1.6300000e+02   2.0993000e+01  -4.9130000e+00   3.9649000e+01
   1.6400000e+02   1.8383000e+01  -5.1990000e+00   4.0183000e+01
   1.6500000e+02   1.5568000e+01  -4.9150000e+00   4.2287000e+01
   1.6600000e+02   1.3544000e+01  -3.8690000e+00   4.5169000e+01
   1.6700000e+02   1.1097000e+01  -1.3200000e+00   4.5622000e+01
   1.6800000e+02   1.0151000e+01   7.3600000e-01   4.8335000e+01
   1.7000000e+02   7.4560000e+00   5.3370000e+00   5.1801000e+01
   1.7100000e+02   4.9600000e+00   6.0930000e+00   5.2436000e+01
   1.7200000e+02   2.3700000e+00   4.6320000e+00   5.3970000e+01
   1.7300000e+02   3.8780000e+00   2.5730000e+00   5.4940000e+01
   1.7500000e+02   4.9240000e+00  -1.4790000e+00   6.0111000e+01
   1.7600000e+02   6.5400000e+00  -3.6690000e+00   6.0437000e+01
   1.7800000e+02   9.4120000e+00  -1.1890000e+00   5.8397000e+01
   1.7900000e+02   1.1010000e+01  -1.9090000e+00   6.0549000e+01
   1.8200000e+02   1.5318000e+01  -7.7400000e-01   5.9229000e+01
   1.8300000e+02   1.6954000e+01  -2.6120000e+00   6.0707000e+01
   1.8400000e+02   1.8704000e+01  -3.0410000e+00   5.8645000e+01
   1.8500000e+02   1.9604000e+01  -5.3900000e-01   5.8365000e+01
   1.8600000e+02   1.8664000e+01   1.1040000e+00   5.6428000e+01
   1.8700000e+02   1.6592000e+01   2.7950000e+00   5.6503000e+01
   1.8800000e+02   1.5029000e+01   6.0450000e+00   5.6535000e+01
   1.9000000e+02   1.1711000e+01   1.1911000e+01   5.9099000e+01
   1.9100000e+02   1.3496000e+01   1.4999000e+01   5.8926000e+01
   1.9200000e+02   1.5960000e+01   1.6882000e+01   6.0939000e+01
   1.9500000e+02   1.6406000e+01   2.1087000e+01   5.8707000e+01
   1.9600000e+02   1.3616000e+01   2.0906000e+01   5.8794000e+01
   1.9700000e+02   1.2889000e+01   2.3615000e+01   5.9320000e+01
   1.9800000e+02   1.3827000e+01   2.4680000e+01   5.7027000e+01
   1.9900000e+02   1.1809000e+01   2.4108000e+01   5.5395000e+01
   2.0000000e+02   1.1945000e+01   2.1597000e+01   5.4245000e+01
   2.0100000e+02   1.0745000e+01   1.9244000e+01   5.4850000e+01
   2.0600000e+02   4.6950000e+00   1.1999000e+01   5.1748000e+01
   2.0700000e+02   5.7890000e+00   1.1110000e+01   4.8562000e+01
   2.0900000e+02   1.0530000e+01   7.6210000e+00   4.9619000e+01
   2.1000000e+02   1.2221000e+01   4.3850000e+00   4.9568000e+01
   2.1100000e+02   1.4680000e+01   2.5520000e+00   4.7871000e+01
   2.1200000e+02   1.6233000e+01  -5.9700000e-01   4.7347000e+01
   2.1300000e+02   1.8616000e+01  -2.9070000e+00   4.5942000e+01
   2.1400000e+02   1.8264000e+01  -6.4910000e+00   4.5511000e+01
   2.1500000e+02   2.0623000e+01  -7.6540000e+00   4.6407000e+01
   2.1600000e+02   2.1514000e+01  -5.9860000e+00   4.8316000e+01
   2.1700000e+02   2.3506000e+01  -4.0880000e+00   4.7885000e+01
   2.1800000e+02   2.3193000e+01  -1.7790000e+00   4.6706000e+01
   2.2000000e+02   1.8827000e+01   3.5720000e+00   4.7184000e+01
   2.2200000e+02   1.4620000e+01   8.3430000e+00   4.8168000e+01
   2.2300000e+02   1.3639000e+01   1.1633000e+01   4.7834000e+01
   2.2700000e+02   1.6275000e+01   1.5015000e+01   4.5602000e+01
   2.2800000e+02   1.7100000e+01   1.2530000e+01   4.4706000e+01
   2.2900000e+02   1.9185000e+01   1.0325000e+01   4.6432000e+01
   2.3100000e+02   2.3465000e+01   5.3340000e+00   4.6430000e+01
   2.3200000e+02   2.6225000e+01   3.0900000e+00   4.6450000e+01
   2.3400000e+02   2.9529000e+01  -2.2340000e+00   4.9683000e+01
   2.3600000e+02   3.4527000e+01  -5.2140000e+00   5.2296000e+01
   2.3700000e+02   3.7186000e+01  -4.1500000e+00   4.9996000e+01
   2.4000000e+02   3.6590000e+01  -4.7900000e-01   4.2693000e+01
   2.4100000e+02   3.4545000e+01  -2.1640000e+00   4.1678000e+01
   2.4200000e+02   3.2366000e+01  -1.3360000e+00   4.3285000e+01
   2.4300000e+02   3.2168000e+01   1.3950000e+00   4.2472000e+01
   2.4600000e+02   2.7655000e+01   1.8460000e+00   4.0734000e+01
   2.4900000e+02   2.4052000e+01   2.2580000e+00   3.7517000e+01
   2.5000000e+02   2.3324000e+01   5.0220000e+00   3.7863000e+01
   2.5100000e+02   2.3580000e+01   6.0640000e+00   3.5228000e+01
   2.5200000e+02   2.1587000e+01   4.4900000e+00   3.4088000e+01
   2.5300000e+02   1.9286000e+01   5.3820000e+00   3.5439000e+01
   2.5400000e+02   1.9306000e+01   8.1020000e+00   3.4599000e+01
   2.5500000e+02   1.8792000e+01   7.9100000e+00   3.1878000e+01
   2.5600000e+02   1.6106000e+01   7.7030000e+00   3.1763000e+01
   2.5700000e+02   1.5200000e+01   9.7410000e+00   3.3467000e+01
   2.5900000e+02   1.8761000e+01   1.4883000e+01   3.4671000e+01
   2.6100000e+02   2.1674000e+01   2.0043000e+01   3.5900000e+01
   2.6300000e+02   2.6535000e+01   2.4484000e+01   3.4151000e+01
   2.6500000e+02   2.8404000e+01   2.5058000e+01   3.8308000e+01
   2.6600000e+02   2.8093000e+01   2.2303000e+01   3.8308000e+01
   2.6700000e+02   2.6405000e+01   1.9276000e+01   3.9214000e+01
   2.6800000e+02   2.3294000e+01   2.0209000e+01   4.0435000e+01
   2.6900000e+02   2.2082000e+01   2.0664000e+01   4.3696000e+01
   2.7000000e+02   1.9994000e+01   2.0402000e+01   4.6652000e+01
   2.7100000e+02   2.1424000e+01   2.1252000e+01   4.8960000e+01
   2.7400000e+02   2.6998000e+01   2.0514000e+01   4.8709000e+01
   2.7600000e+02   2.8852000e+01   2.0086000e+01   4.2348000e+01
   2.7700000e+02   3.0428000e+01   1.7116000e+01   4.1696000e+01
   2.7900000e+02   2.9673000e+01   1.3731000e+01   4.4803000e+01
   2.8100000e+02   3.3249000e+01   9.1000000e+00   4.7748000e+01
   2.8200000e+02   3.4156000e+01   6.5090000e+00   4.9928000e+01
   2.8400000e+02   3.5986000e+01   2.3390000e+00   5.5026000e+01
   2.8500000e+02   3.8459000e+01   1.7620000e+00   5.7185000e+01
   2.8600000e+02   4.1280000e+01   8.1000000e-02   5.8700000e+01
   2.8700000e+02   4.4124000e+01   1.2520000e+00   6.0204000e+01
   2.8900000e+02   4.8920000e+01   1.1200000e+00   6.2844000e+01
   2.9000000e+02   4.9661000e+01   3.5050000e+00   6.1497000e+01
   2.9300000e+02   5.1202000e+01   7.6270000e+00   6.4469000e+01
   2.9400000e+02   4.9889000e+01   9.9910000e+00   6.3387000e+01
   2.9500000e+02   5.0383000e+01   1.2175000e+01   6.1763000e+01
   2.9600000e+02   5.1796000e+01   1.1427000e+01   5.9436000e+01
   2.9700000e+02   4.9761000e+01   1.0089000e+01   5.8175000e+01
   2.9800000e+02   4.7791000e+01   1.2106000e+01   5.7813000e+01
   3.0000000e+02   4.9558000e+01   1.2236000e+01   5.3887000e+01
   3.0100000e+02   4.6841000e+01   1.1974000e+01   5.3237000e+01
   3.0200000e+02   4.6250000e+01   1.4632000e+01   5.2614000e+01
   3.0300000e+02   4.7785000e+01   1.4947000e+01   5.0309000e+01
   3.0400000e+02   4.6346000e+01   1.3621000e+01   4.8424000e+01
   3.0500000e+02   4.3965000e+01   1.4829000e+01   4.8496000e+01
   3.0600000e+02   4.2104000e+01   1.3969000e+01   5.0441000e+01
   3.0900000e+02   3.8576000e+01   1.0654000e+01   5.9071000e+01
   3.1000000e+02   3.8619000e+01   9.8340000e+00   6.2372000e+01
   3.2000000e+02   4.1951000e+01   2.9320000e+00   6.8839000e+01
   3.2100000e+02   4.2808000e+01   3.5290000e+00   6.5323000e+01
   3.2200000e+02   4.0962000e+01   2.8190000e+00   6.3487000e+01
   3.2300000e+02   3.9391000e+01   4.1770000e+00   6.0692000e+01
   3.2400000e+02   3.7369000e+01   6.4600000e+00   5.8769000e+01
   3.2500000e+02   3.7809000e+01   7.2020000e+00   5.5562000e+01
   3.2600000e+02   3.7584000e+01   9.6240000e+00   5.3046000e+01
   3.2700000e+02   3.6692000e+01   1.1404000e+01   4.9951000e+01
   3.2800000e+02   3.7609000e+01   1.4784000e+01   4.9965000e+01
   3.3000000e+02   3.4040000e+01   1.8164000e+01   4.6303000e+01
   3.3200000e+02   3.5288000e+01   2.1069000e+01   4.1445000e+01
   3.3300000e+02   3.6614000e+01   1.9008000e+01   4.0317000e+01
   3.3400000e+02   3.6617000e+01   1.5898000e+01   3.8414000e+01
   3.3500000e+02   3.4352000e+01   1.3080000e+01   3.8444000e+01
   3.3800000e+02   3.7839000e+01   1.1803000e+01   4.1405000e+01
   3.3900000e+02   3.7391000e+01   9.1430000e+00   4.2264000e+01
   3.4500000e+02   4.5212000e+01   7.1960000e+00   4.7046000e+01
   3.5300000e+02   5.1474000e+01   1.8990000e+00   5.5871000e+01
   3.5500000e+02   5.4852000e+01  -5.6400000e-01   5.5858000e+01
   3.5600000e+02   5.5553000e+01   7.3900000e-01   5.8154000e+01
   3.5700000e+02   5.6872000e+01   8.2300000e-01   6.1555000e+01
